time,x,y,z,phi,theta,psi,x_velocity,y_velocity,z_velocity,phi_velocity,theta_velocity,psi_velocity,rotor_speed1,rotor_speed2,rotor_speed3,rotor_speed4
0.06,-7.790737272895057e-07,-9.130392316888208e-08,10.002908683370228,6.282975624433137,0.0006050733556461907,0.0,-6.199809245265646e-05,-1.2550880971928471e-05,0.09695206777725159,-0.01160732409954889,0.02503218918787908,0.0,434.7379930888471,436.8299558990287,436.5629613239887,435.59361367270725
0.12000000000000001,-1.92203874575371e-05,-6.322818691208295e-06,10.007727340274048,6.282483932023791,0.0021189724348884553,0.0,-0.0006767737671524628,-0.00024342392797110788,0.06367256182255773,-0.0021199922721892124,0.025627565910483874,0.0,392.42124117445013,392.4766948398978,391.820345515567,392.70131379413203
0.18,-0.00011116260615596227,-3.63415055788853e-05,10.015282722508008,6.282460384842995,0.003386907626139468,0.0,-0.002538237922645223,-0.0007649340019943786,0.18816001387734804,0.0028565241857551812,0.01014496976185176,0.0,445.12354405512855,443.8549456523645,444.53212592070804,444.9396707502505
0.23999999999999996,-0.0003318423259893084,-9.579980894675893e-05,10.028478505105511,6.282630869692923,0.0038248940380922747,0.0,-0.004868959959197786,-0.0012004865997744941,0.25168683297456357,0.0028111750551837603,0.0008964221874146546,0.0,425.00373679107537,424.2103472923091,425.8318859037108,425.8279502025759
0.3,-0.000700269440577552,-0.00017704236113088407,10.0457966625395,0.0004734016918064299,0.00396368126971236,0.0,-0.007421463773865981,-0.0014396603671424106,0.3255663342800383,0.03637889519134241,0.00500597138409248,0.0,428.3176652009159,428.6669193232344,427.3061632415084,430.1577179245095
0.36000000000000004,-0.001226908650670651,-0.0002454395519631909,10.067929647913813,0.0028666885905757056,0.0039624749668742965,0.0,-0.010150640390467312,-0.0006106190532103786,0.41217163645259836,0.046114928473354175,-0.012679464540009205,0.0,433.97486269354016,432.4881009285647,431.8726905806547,432.6938244473948
0.4200000000000001,-0.0019251826989070385,-0.00020255628815221325,10.09832770656087,0.006139930015118367,0.003292237355434935,0.0,-0.013042643880410773,0.0023920198490690985,0.6010151819280377,0.06758530456017993,-0.008311927481257742,0.0,463.6623362895104,464.0054107326784,464.2112298209261,465.8944651111397
0.48000000000000015,-0.002776063840297554,8.81344796534789e-05,10.138091296853478,0.009830584909773066,0.0027425065176851504,0.0,-0.015264617728136708,0.007710045404153392,0.7243643289870433,0.04518868865189303,-0.010919360648641858,0.0,443.7856888351523,443.5717666585187,446.5264083752689,444.698443238962
0.5400000000000001,-0.003740160055340556,0.0007405293928592081,10.182256576529426,0.01262432318601725,0.0021892818610167453,0.0,-0.01681729031800789,0.014285981360067973,0.7477938516624546,0.049176166728274656,-0.0060223362803617725,0.0,412.3632192705271,412.7956330427473,412.1506785780903,412.5043730659786
0.6000000000000002,-0.004792759394515478,0.0018677885704175845,10.229957416287666,0.01578229298977174,0.0018971592128949055,0.0,-0.01823626137808067,0.023598232028643605,0.8421646503906339,0.05877580758355367,-0.0026558001145772442,0.0,435.53780345338924,435.8193254504392,435.3573810257713,436.1615932666177
0.6600000000000003,-0.005930801128080048,0.0036704407134717527,10.2863626739446,0.01896154466491584,0.0015071484933653068,0.0,-0.01966788587210839,0.03688134035078698,1.0378464957938862,0.03772237891200406,-0.015581508072230753,0.0,467.46266656148015,466.4545823500545,467.9498366332364,466.30992607876493
0.7200000000000003,-0.007139730165942411,0.006302181619324114,10.352585192891981,0.02083072407227249,0.0005815956572821079,0.0,-0.02053034408320568,0.051066759419200344,1.1694405105721124,0.012870026461941745,-0.015116442006165878,0.0,447.611755154486,447.64969754661405,449.27396893291683,447.25496422643823
0.7800000000000004,-0.008379875725892105,0.00977278275424751,10.42447580170091,0.02167071277261101,6.283149162167145,0.0,-0.020736209543252074,0.06469576558863631,1.226851065691705,0.016168631421661646,-0.002072151907732942,0.0,424.41854760671504,425.5366183090505,424.09902153513036,424.3821198424064
0.8400000000000004,-0.009622680011502115,0.014131222949540828,10.502248866538492,0.022372180551764487,6.282838561936526,0.0,-0.020668115663913036,0.08067412442841573,1.3654264837489152,0.0007568113288874481,-0.01224909599486302,0.0,451.5679377022633,450.7464175973817,450.52165254844533,449.2738320536983
0.9000000000000005,-0.010851482714522302,0.01951247695944974,10.590666086663367,0.022697388322530543,6.281591727357416,0.0,-0.020187605425330404,0.09871825690674738,1.5815394262042457,0.013412490034959777,-0.049248472416077216,0.0,476.0655002579359,473.2261101217148,473.22758566462466,474.20058267784043
0.9600000000000005,-0.012006460534798234,0.026035503967762632,10.694152205519902,0.02369802007800903,6.278496968046049,0.0,-0.01792134981537197,0.11882377004860022,1.8675713413466495,0.022515748750311575,-0.056702211137405374,0.0,494.57752549804565,494.02685051490886,495.02289834875097,495.69214659147735
1.0200000000000005,-0.012948610937496026,0.03376441578779774,10.81357080393757,0.02534008947676636,6.274758624825363,0.0,-0.013049318017672472,0.13898262752976728,2.112620833496443,0.03563618821225422,-0.07690909870755949,0.0,484.78934405651336,483.26613055271577,483.59699343323865,484.5843205242428
1.0800000000000005,-0.013510300456718837,0.04271664175121194,10.946506907711761,0.027105298237549924,6.269770858911045,0.0,-0.005117864211367538,0.15964895307048257,2.3181760589595988,0.012548320609529848,-0.10000523511754246,0.0,473.6850354213823,471.9002261491354,475.0136857177746,473.2401495805097
1.1400000000000006,-0.013484206700740563,0.05292008939423227,11.09086427333792,0.028027855748589126,6.263554054040711,0.0,0.0066719903151089225,0.18055045571542414,2.4933563275124575,0.02050363261546468,-0.11202757927916782,0.0,465.54203936500863,464.59150201058117,465.20213929113896,465.82451561611305
1.2000000000000006,-0.01265690203854565,0.06433156451777958,11.243290373486339,0.0293318406615084,6.25742395219816,0.0,0.021545125207922712,0.1999533019281568,2.587286473492684,0.024084862147774312,-0.08748362755309039,0.0,440.19718952848575,442.214013926786,440.8731777446209,441.168982246263
1.2600000000000007,-0.010786755440821806,0.07696723289444113,11.402458022880976,0.0306695296745092,6.2521554443052665,0.0,0.04134537627529059,0.22137396970188908,2.717977999117223,0.01845057385979006,-0.0884657264335239,0.0,453.6280376188322,453.5429392442895,452.772458646675,452.3189603530056
1.3200000000000007,-0.007742735655262241,0.09079191665081575,11.565464540265742,0.03154780516688849,6.2469317279523935,0.0,0.060579516651868955,0.23953496186562245,2.7155580042456418,0.005646823251742487,-0.08439436752344391,0.0,411.19474385823,411.5483120404471,410.77059077019055,409.63350736071664
1.3800000000000008,-0.0033032342410290894,0.10584719440226173,11.732372051311826,0.032042243750270316,6.242274284126349,0.0,0.08790816187384587,0.2623406055111076,2.8476811769437296,0.012980233391246064,-0.0666997613443676,0.0,453.6532747454556,455.06706824066663,453.8040809230125,454.3922303957635
1.4400000000000008,0.002906883278658527,0.1223093979666537,11.908029427250264,0.032842966613276126,6.238749737124099,0.0,0.11949196545854869,0.2864720345421171,3.007133543064609,0.01406583842629103,-0.04630127480637394,0.0,462.828596942158,464.42887212835194,462.8577035138705,462.9430075416742
1.5000000000000009,0.010966079647119938,0.14015000084006357,12.090570195824238,0.03449984496155434,6.236076253639862,0.0,0.14940521325711867,0.30833714475017493,3.077349753205917,0.04613775337540863,-0.04128254629125056,0.0,435.9748667809666,436.39281636574435,435.42242575794927,438.0975257438248
1.560000000000001,0.021032101266049524,0.1594596858591188,12.280686128608215,0.037879136229735266,6.233752925547581,0.0,0.18637794748299885,0.33565650915791284,3.259312170643479,0.07137489523742077,-0.03403967751514916,0.0,470.467747319953,471.0275507510041,470.9138027999267,472.8638057001234
1.620000000000001,0.0333205617522608,0.1804550701771515,12.480755647141505,0.04228471445209259,6.231860691223037,0.0,0.22342964750944103,0.36464651732247916,3.4091958097851536,0.07724025110032066,-0.02695188283429179,0.0,463.2701500116811,463.8268202780655,461.86639824989095,462.3327245089455
1.680000000000001,0.0478363506554378,0.20325877691648744,12.689113187541057,0.047226732045446695,6.230144523183025,0.0,0.2605853210764277,0.39596737859610726,3.535627855029864,0.09102991798651758,-0.032127288005004445,0.0,455.9945667542822,455.58072136366184,457.0193719249016,458.12242211984244
1.740000000000001,0.06466225051031448,0.228089387212133,12.90585738801826,0.05254046042247662,6.228523924079642,0.0,0.3004438422348498,0.4322863912690383,3.6886412226239282,0.08310715404530747,-0.01835693538610964,0.0,466.0228980098837,467.0978983701002,465.02809568274444,464.41317953392536
1.8000000000000012,0.08389176100901637,0.2551954584812787,13.131404268474748,0.05753699303692272,6.226893537910858,0.0,0.3406460022398149,0.47176082109372336,3.8290725446681617,0.08360999910488982,-0.05769874738947818,0.0,464.40270352100026,461.305912092442,463.01523262812185,463.0601413818278
1.8600000000000012,0.10554351094087054,0.28474267755077337,13.364747419393511,0.06253345285376799,6.223137230369559,0.0,0.3814299883947241,0.5136435168954143,3.9485517196835995,0.08259484315807433,-0.07486943663118023,0.0,458.0359900699539,456.66548251416026,457.99380234824594,457.9184786545976
1.9200000000000013,0.12947299318822836,0.316645261561443,13.601110641323372,0.06729099339926048,6.219040496337655,0.0,0.4165822931809096,0.5501863635627652,3.930215057994496,0.07170324992569359,-0.05759160093110306,0.0,412.8850907196049,414.4027379043095,415.5691435221763,414.6187394216298
1.9800000000000013,0.15587015210574787,0.35112519866570896,13.840854700280543,0.07127273267797829,6.21598151816643,0.0,0.46363474308417263,0.5995517813940842,4.060716342964064,0.052666733392110865,-0.04027019439515103,0.0,461.07779777105577,462.4426736390197,463.0964801073393,461.5995617722032
2.0400000000000014,0.18509872662926305,0.38859041108548176,14.087625184249776,0.07436573863862783,6.213426391929206,0.0,0.5108763561774676,0.6495752438792783,4.164522542238718,0.04921858784668184,-0.04767093606247231,0.0,454.6931850820254,454.09889364074553,455.69767959246366,455.4235771765339
2.1000000000000014,0.21723574036430995,0.4291408472625263,14.340893643722936,0.07773676605116098,6.210138522028107,0.0,0.5606363914028135,0.7023973811773561,4.277261475331294,0.06736522077372904,-0.07549586606349264,0.0,459.5611619128312,457.347957050663,458.1340099129173,459.57669731135763
2.1600000000000015,0.25250841769899984,0.47301426618118203,14.601923608961679,0.08243049283478143,6.205877887226293,0.0,0.6155506024848136,0.7604772370319673,4.4230649709553855,0.09402338807179428,-0.06328661455536841,0.0,470.11974333756416,471.06127726458465,467.8189807606796,469.89461679879764
2.2200000000000015,0.2910172277200062,0.5203204753476205,14.869777770723404,0.08791821258548449,6.201673124541822,0.0,0.668437377728358,0.8169121347533035,4.50496099949624,0.08577639255890555,-0.08929039824977165,0.0,453.13882000240824,451.0394140267636,451.4311683007015,450.7720143978258
2.2800000000000016,0.3326496082397123,0.5709702138693589,15.140847618320118,0.09316232771038191,6.196558775216019,0.0,0.7197702176347082,0.8718631849388573,4.530465925579936,0.09046744082728085,-0.07817183199516943,0.0,434.0487732231657,434.9747782984955,434.5470524103522,434.9466621496103
2.3400000000000016,0.3772761874103101,0.6248224088455371,15.411414684591781,0.09868743824159854,6.19188396348596,0.0,0.7681696273580991,0.9236559043404027,4.488475972803741,0.09513668536878253,-0.07740216981404598,0.0,412.3616481298022,412.42429388280607,412.7581798180951,413.17793670465505
2.4000000000000017,0.42588059647766635,0.6829468401972963,15.69018997202277,0.10396258903062705,6.18688700866336,0.0,0.8524881245421744,1.0144188713759437,4.802538249251841,0.06680988218286874,-0.09887728290761708,0.0,521.2102870569389,519.7023804329093,521.3443441727983,519.3661383907826
2.4600000000000017,0.4788196832594868,0.7457223463314886,15.978966527271423,0.10805110518288608,6.1811695075196535,0.0,0.9126557869666787,1.0784325190962816,4.823098060807089,0.0706799062440043,-0.0889472350478379,0.0,436.89828030607583,437.7176028214236,435.8618305615788,436.1887784043197
2.520000000000002,0.5359021874636526,0.812864346189743,16.273106411485443,0.1122239040136872,6.176013443113632,0.0,0.9905905463335644,1.1599981638431625,4.980681674419776,0.06717922178047588,-0.08050626525077724,0.0,479.561939558729,480.1972322656444,479.3489464427072,479.0861036764547
2.580000000000002,0.5970352036692889,0.8842225777267898,16.56991907754328,0.11610290843569526,6.171762147513499,0.0,1.0475426689837202,1.2189250217842136,4.9132231510501665,0.05904272594761482,-0.056402713389728416,0.0,409.3455874732661,411.4807210061793,409.28224936722444,408.5607678081436
2.640000000000002,0.6621235982990467,0.9596661137405244,16.866880398399122,0.11944495036937486,6.168580180273624,0.0,1.1223371119913634,1.2961317618878483,4.9850055801682975,0.048004157933021235,-0.04702772790650558,0.0,454.29570984684125,455.0451094093963,455.84190914496116,454.9608212230917
2.700000000000002,0.7314239245475824,1.039455771728511,17.165258221064978,0.12259662976988128,6.1660519791461414,0.0,1.1878887362190955,1.3637609612235413,4.96088948441216,0.06031053322972572,-0.033812498242834624,0.0,424.36281657363867,425.49477581302654,424.77010957059014,425.8262305357709
2.760000000000002,0.8051852585017358,1.1238655314872843,17.466296546913302,0.12568698235133358,6.16432670143597,0.0,1.270930603777831,1.450164578735739,5.0730486448069865,0.021079235239159708,-0.020187401028827597,0.0,467.92584475684373,468.98524891588096,470.1437654739132,467.0951458531867
2.820000000000002,0.8841278646329881,1.2136871775062497,17.775447185309652,0.1269961064252474,6.162981531051933,0.0,1.3605142047096987,1.543902997292296,5.231105637945751,0.023258036044659088,-0.0273054614556339,0.0,484.91053680712685,484.3754685867069,482.3927530547919,482.55724468740556
2.880000000000002,0.9678575394341639,1.3085121627607421,18.089022442912082,0.1288789460601505,6.161132145915946,0.0,1.430601210876371,1.6170420381588193,5.2213206834875034,0.04402840059286491,-0.0389957418111025,0.0,433.09431478119507,432.10938966844407,433.0649361561027,434.809170553691
2.940000000000002,1.0566350424054491,1.408607555442801,18.408539754021817,0.1319267225274361,6.158661837454995,0.0,1.5287762830190539,1.7196357483785072,5.428056901611417,0.06171977485855801,-0.04592255091628786,0.0,499.54472073795534,499.0385908407317,499.2480223449255,500.53863829793323
3.000000000000002,1.1508736564385686,1.5144181353088197,18.7366070062807,0.1355405210336036,6.156277531782596,0.0,1.6126792160117773,1.8076488662537693,5.506918455053643,0.05707169886830492,-0.029594705923281946,0.0,463.8499911228682,465.129905585821,464.0471594654653,463.68448316992993
3.0600000000000023,1.2498056986628043,1.625171207258798,19.066441443260405,0.13864584079456943,6.155078714135833,0.0,1.685151672661316,1.8843674449883392,5.487489859672708,0.038140562321777025,-0.005564968042376684,0.0,432.8202232498251,434.83824669506146,435.36152049856736,433.7760633903768
3.1200000000000023,1.3538332258195975,1.741362486219338,19.400753556100618,0.14121340364497126,6.15458347709653,0.0,1.782322282727881,1.9887794597428805,5.655217514964166,0.05076628458087682,-0.01426245480946003,0.0,493.8107522793368,493.16876816826544,490.10146390864764,491.0399278961101
3.1800000000000024,1.4626269337653464,1.8627037915115614,19.73692459786277,0.14382273585157979,6.153822122381751,0.0,1.8442199098085237,2.0561674559756207,5.550874476482313,0.022083508073728726,-0.009715211654756214,0.0,407.25913162472267,407.66585269760225,409.4749306106052,406.9158325629876
3.2400000000000024,1.5752642562847332,1.9882531376501151,20.067783804046105,0.1452970244593148,6.153509357972965,0.0,1.9103939914815797,2.1289182537610514,5.478013770828908,0.02913272120244049,0.002540789258914618,0.0,417.9732442176879,419.04032939452225,416.79916404102846,417.4150553255831
3.3000000000000025,1.6925868874756747,2.1189853700368153,20.39972194820322,0.14817432439090972,6.153728017566966,0.0,2.0002149942355363,2.2289391687938016,5.585874083504419,0.07099078428820149,0.005764919702733031,0.0,475.0566995510167,475.30383128329913,473.5436558151262,476.7542585542705
3.3600000000000025,1.8149042392070935,2.255344662746308,20.735222624733996,0.15238666774606013,6.154298699991287,0.0,2.0769237643693677,2.316684567180943,5.597236619482195,0.06858835246830183,0.016112158674195055,0.0,446.3778841009126,447.2215369944701,446.7908546089843,446.5986315949922
3.4200000000000026,1.941980930684266,2.397247815266513,21.07275946832234,0.15659836924234405,6.156235244840143,0.0,2.158713785528274,2.4137174258487453,5.653517401978847,0.07322739639846954,0.05316074371891363,0.0,460.30660713737444,463.2300760264624,460.86622975345915,461.2363818198188
3.4800000000000026,2.073821964203244,2.5449390909736636,21.41297491635067,0.160528994065662,6.159317012878542,0.0,2.23560423353258,2.509634075172138,5.68667013344162,0.041916198910123395,0.04750137224581475,0.0,455.32940970514437,454.87795111351585,456.42683760115443,453.92336539678786
3.5400000000000027,2.2103767682129702,2.698661712229887,21.756513990789113,0.1629402389529,6.162230502928967,0.0,2.3158143363869197,2.6145657623753653,5.764092153782234,0.03648496693231125,0.05059149639730517,0.0,470.81973339315755,471.06010020246487,468.2693419066819,467.84730586148964
3.6000000000000028,2.3513541014537838,2.8582887908058217,22.10209164190922,0.1652849837453827,6.165045776780232,0.0,2.3831124063576365,2.7064742802541826,5.755103652514099,0.043817965023334994,0.038330559420188495,0.0,444.0464782959153,443.0405948556691,443.13933620096174,443.74260609655283
3.660000000000003,2.496220227912826,3.023335859400168,22.446371233429097,0.16799155802641152,6.16724876613204,0.0,2.4455260047659406,2.795275199866589,5.7209414482162915,0.0475744206563156,0.03327625067309992,0.0,435.6228940249349,435.20059343853296,435.3006433428398,435.616169160429
3.720000000000003,2.6451869137707384,3.1943281604961036,22.792018162801043,0.17098329120919864,6.169161562167579,0.0,2.5197138193785493,2.904608163051325,5.800030259294871,0.054083277997109366,0.028930453283896977,0.0,471.73030462085785,471.39483795668735,470.48158401615325,470.9867617674246
3.780000000000003,2.797666253785936,3.370600609525594,23.1347270499828,0.1737816844087119,6.170884000656068,0.0,2.5628688750778172,2.9714208856162454,5.624435600315696,0.024433040609066217,0.02825731748332752,0.0,388.50105700734196,388.43827909337983,387.67913542390767,384.8837685401539
3.840000000000003,2.9529956879465957,3.551351195186887,23.46946520630987,0.17514823434410776,6.172275705435627,0.0,2.614651436391054,3.0537027404624197,5.53388617581477,0.019236794294059827,0.01042067320466579,0.0,416.93386070033563,415.3722748905669,415.5872478783623,415.13149963445414
3.900000000000003,3.1120844397967478,3.7381126428706724,23.804800284346396,0.1764661559841212,6.173129506610959,0.0,2.6880959848422985,3.171605876994165,5.64321826854907,0.026928933890516357,0.020928433972985813,0.0,478.6513634504012,479.45040239110824,478.7399916427767,479.3250109756567
3.960000000000003,3.2751746997475064,3.931366002386985,24.1433522419505,0.17818197851617779,6.174108499738683,0.0,2.7480788963589644,3.2702233615924894,5.641722170098681,0.031739872087920104,0.004971353413838836,0.0,446.74057419459604,445.4371718356421,446.0816108778668,446.4746082454433
4.020000000000002,3.4419764155632744,4.130775771891076,24.483048925641477,0.18028233159108353,6.174568016295524,0.0,2.8118514076970182,3.3768142517448316,5.681117171669854,0.040845656072344874,0.012554120385193221,0.0,458.81262046767336,459.4142695040338,459.4007239115242,460.1228033741872
4.080000000000001,3.612127598677988,4.335854680752291,24.820987044435114,0.1829484600579807,6.175693341521679,0.0,2.8597742077876207,3.4593345512631024,5.583874837487824,0.050789159691617326,0.02892411706111383,0.0,413.9406885996899,415.37911242123295,415.7534600254948,416.6252459021945
4.14,3.785576739764011,4.546679035853092,25.157229904979637,0.18584441280728825,6.177547633620133,0.0,2.9215946031839968,3.5682779590172236,5.6238319013957465,0.042672051385059764,0.03459747432649503,0.0,459.7978099517214,460.2474376571393,459.55154633051154,458.90887641917135
4.199999999999998,3.9625062460316824,4.763761656677273,25.494191249096623,0.18798515205516342,6.179531246612402,0.0,2.975814476046482,3.667923507339278,5.6081594641923225,0.015580124786191724,0.029794067958302823,0.0,441.8111540419317,441.4152769116816,444.9150299782644,442.69134835405424
4.259999999999997,4.142670913302337,4.9868874423769896,25.830477633826813,0.18857285091524822,6.181287414106151,0.0,3.029450999754816,3.7695608086663523,5.601326294547468,-0.005467126067893172,0.028199218642588314,0.0,446.2124372709282,446.08244090747615,445.9900603772838,444.26718289103616
4.319999999999996,4.326048147789927,5.216166068789112,26.16671915296555,0.1880940388345973,6.182956185736444,0.0,3.082899891073224,3.8728934249116187,5.606632552263452,-0.013551058216200465,0.027028848010826168,0.0,450.71965220977575,450.6252164557551,448.89972988060686,448.24322474026485
4.379999999999995,4.512279602651523,5.451033647287571,26.500244185280284,0.1870919867780234,6.184576956739301,0.0,3.1246811985801517,3.9559321856762786,5.5113616473582,-0.023891028251830516,0.02698083961732638,0.0,416.6422151921674,416.6382367677672,416.6867762216389,415.7816831222512
4.439999999999993,4.7011350187238286,5.691132856301926,26.829592029183896,0.1857552666972646,6.186284849493791,0.0,3.170320172356913,4.04717617132352,5.467124035333414,-0.01923493505242508,0.03127857839708868,0.0,431.38289272118425,431.7459852487021,433.3904092602082,433.7816369911569
4.499999999999992,4.893091869928525,5.937431854726431,27.160401008150558,0.1844640611366657,6.187706398994312,0.0,3.2279458958503744,4.162435841301375,5.559305672123068,-0.02653391196549078,0.0007612018846697224,0.0,476.1335895075423,473.79264164297547,475.7992608039194,475.24003607520933
4.559999999999991,5.0880414209808045,6.189768830460576,27.492325620085975,0.18272520242170387,6.187430813036794,0.0,3.2703519373577237,4.248576915408716,5.505110122583672,-0.0343883377128468,-0.018343979619619886,0.0,431.23404773862075,429.61684037175684,429.8920938471519,429.2255809551056
4.6199999999999894,5.285777893329119,6.447678163557654,27.82350059700243,0.18033461679923057,6.185938750408518,0.0,3.320912464549122,4.348015916341234,5.533844848158616,-0.05393210790087623,-0.042964145558877634,0.0,456.7970261409365,454.8288538556888,457.5343685503498,455.9745182322027
4.679999999999988,5.48664017911902,6.711599682389813,28.15707975205403,0.1777973533977546,6.182995635338855,0.0,3.374685673982917,4.44888319833111,5.585108823264759,-0.025663754805396066,-0.06542703981226504,0.0,464.95240788262623,463.187279115241,462.3109558558111,464.5323547129399
4.739999999999987,5.69075584118692,6.981450817576233,28.49345792433362,0.17684985682000232,6.17873818468518,0.0,3.4294879384222923,4.545836540276751,5.627105514005774,-0.0010832745798953353,-0.08530351781369812,0.0,462.5992504377281,461.0272591800679,460.6004914026546,462.54084816803015
4.799999999999986,5.898322266541463,7.257214875528215,28.83311638647302,0.1766150496365464,6.174022033441259,0.0,3.4897900648335383,4.64605042589663,5.694236506232172,-0.010278843267117354,-0.06776963404901258,0.0,469.0201322457687,470.37554721614686,471.2788534986426,470.5674710998021
4.859999999999984,6.109212001133279,7.5383530761818776,29.17340508741792,0.17566193324227886,6.169940840910694,0.0,3.540180978897711,4.725045837997704,5.648820701566213,-0.03050726089670653,-0.06852485316177723,0.0,435.4848229455866,435.41804702384036,437.144717230868,435.4554392871726
4.919999999999983,6.323423580076555,7.824545560687722,29.513011987740377,0.1739541343794393,6.166048974526035,0.0,3.6005045601431385,4.8143485883595725,5.671142238298451,-0.024660871040787458,-0.05840098550634656,0.0,456.7636873774468,457.567544453369,457.41331374729435,457.87857421688676
4.979999999999982,6.541025678140289,8.11561024596411,29.85152997805493,0.1720886756707216,6.162459123909898,0.0,3.653165463317116,4.887571955390327,5.613008633668787,-0.048806382402644316,-0.06285453610723996,0.0,432.5347490879625,432.1567797972017,432.637604578661,430.59878364470325
5.0399999999999805,6.762462110229658,8.411877564975338,30.19160517392993,0.16889182507268963,6.1586754845292795,0.0,3.728307813173381,4.987398497000539,5.722096712866691,-0.0642007570298098,-0.06347592368198074,0.0,483.73599804817286,483.68666474464084,484.7604721843134,483.6003551713978
